star 2 red 1988919999999999913189181489152.000000 0.000000 0.000000 0.000000 0.000000
planet 2 orange 330199999999999993708544.000000 57908999999.960419 47870.000000 -0.039583 47870.000000
planet 5 blue 4869000000000000115343360.000000 108209999999.988663 35020.000000 -0.011336 35020.000000
planet 5 green 5974000000000000373293056.000000 149599999999.994080 29760.000000 -0.005931 29760.000000
planet 3 red 641899999999999963299840.000000 227939999999.997437 24130.000000 -0.002555 24130.000000
planet 20 yellow 1899000000000000028806479872.000000 778409999999.999756 13070.000000 -0.000219 13070.000000
planet 15 white 568499999999999982677524480.000000 1429400000000.000000 9670.000000 -0.000065 9670.000000
star 2 red 1988919999999999913189181489152.000000 0.000001 0.000000 0.000001 0.000000
planet 2 orange 330199999999999993708544.000000 57908999999.881248 95740.000000 -0.079167 47870.000000
planet 5 blue 4869000000000000115343360.000000 108209999999.965988 70040.000000 -0.022672 35020.000000
planet 5 green 5974000000000000373293056.000000 149599999999.982208 59520.000000 -0.011862 29760.000000
planet 3 red 641899999999999963299840.000000 227939999999.992340 48260.000000 -0.005109 24130.000000
planet 20 yellow 1899000000000000028806479872.000000 778409999999.999268 26140.000000 -0.000438 13070.000000
planet 15 white 568499999999999982677524480.000000 1429399999999.999756 19340.000000 -0.000131 9670.000000
star 2 red 1988919999999999913189181489152.000000 0.000002 0.000000 0.000001 0.000000
planet 2 orange 330199999999999993708544.000000 57908999999.762497 143610.000000 -0.118750 47870.000000
planet 5 blue 4869000000000000115343360.000000 108209999999.931976 105060.000000 -0.034008 35020.000000
planet 5 green 5974000000000000373293056.000000 149599999999.964417 89280.000000 -0.017793 29760.000000
planet 3 red 641899999999999963299840.000000 227939999999.984680 72390.000000 -0.007664 24130.000000
planet 20 yellow 1899000000000000028806479872.000000 778409999999.998657 39210.000000 -0.000657 13070.000000
planet 15 white 568499999999999982677524480.000000 1429399999999.999512 29010.000000 -0.000196 9670.000000
star 2 red 1988919999999999913189181489152.000000 0.000003 0.000000 0.000001 0.000000
planet 2 orange 330199999999999993708544.000000 57908999999.604164 191480.000000 -0.158333 47870.000000
planet 5 blue 4869000000000000115343360.000000 108209999999.886627 140080.000000 -0.045343 35020.000000
planet 5 green 5974000000000000373293056.000000 149599999999.940704 119040.000000 -0.023724 29760.000000
planet 3 red 641899999999999963299840.000000 227939999999.974457 96520.000000 -0.010218 24130.000000
planet 20 yellow 1899000000000000028806479872.000000 778409999999.997803 52280.000000 -0.000876 13070.000000
planet 15 white 568499999999999982677524480.000000 1429399999999.999268 38680.000000 -0.000261 9670.000000
star 2 red 1988919999999999913189181489152.000000 0.000004 0.000000 0.000001 0.000000
planet 2 orange 330199999999999993708544.000000 57908999999.406250 239349.999999 -0.197916 47870.000000
planet 5 blue 4869000000000000115343360.000000 108209999999.829941 175100.000000 -0.056679 35020.000000
planet 5 green 5974000000000000373293056.000000 149599999999.911041 148800.000000 -0.029655 29760.000000
planet 3 red 641899999999999963299840.000000 227939999999.961670 120650.000000 -0.012773 24130.000000
planet 20 yellow 1899000000000000028806479872.000000 778409999999.996704 65350.000000 -0.001095 13070.000000
planet 15 white 568499999999999982677524480.000000 1429399999999.999023 48350.000000 -0.000326 9670.000000
star 2 red 1988919999999999913189181489152.000000 0.000006 0.000000 0.000002 0.000000
planet 2 orange 330199999999999993708544.000000 57908999999.168747 287219.999999 -0.237500 47870.000000
planet 5 blue 4869000000000000115343360.000000 108209999999.761932 210120.000000 -0.068015 35020.000000
planet 5 green 5974000000000000373293056.000000 149599999999.875458 178560.000000 -0.035586 29760.000000
planet 3 red 641899999999999963299840.000000 227939999999.946350 144780.000000 -0.015327 24130.000000
planet 20 yellow 1899000000000000028806479872.000000 778409999999.995361 78420.000000 -0.001314 13070.000000
planet 15 white 568499999999999982677524480.000000 1429399999999.998535 58020.000000 -0.000392 9670.000000
star 2 red 1988919999999999913189181489152.000000 0.000008 0.000000 0.000002 0.000000
planet 2 orange 330199999999999993708544.000000 57908999998.891663 335089.999998 -0.277083 47869.999999
planet 5 blue 4869000000000000115343360.000000 108209999999.682587 245140.000000 -0.079351 35020.000000
planet 5 green 5974000000000000373293056.000000 149599999999.833954 208320.000000 -0.041518 29760.000000
planet 3 red 641899999999999963299840.000000 227939999999.928467 168910.000000 -0.017882 24130.000000
planet 20 yellow 1899000000000000028806479872.000000 778409999999.993774 91490.000000 -0.001533 13070.000000
planet 15 white 568499999999999982677524480.000000 1429399999999.998047 67690.000000 -0.000457 9670.000000
star 2 red 1988919999999999913189181489152.000000 0.000010 0.000000 0.000002 0.000000
planet 2 orange 330199999999999993708544.000000 57908999998.574997 382959.999997 -0.316666 47869.999999
planet 5 blue 4869000000000000115343360.000000 108209999999.591904 280160.000000 -0.090687 35020.000000
planet 5 green 5974000000000000373293056.000000 149599999999.786499 238080.000000 -0.047449 29760.000000
planet 3 red 641899999999999963299840.000000 227939999999.908020 193040.000000 -0.020436 24130.000000
planet 20 yellow 1899000000000000028806479872.000000 778409999999.992065 104560.000000 -0.001752 13070.000000
planet 15 white 568499999999999982677524480.000000 1429399999999.997559 77360.000000 -0.000522 9670.000000
star 2 red 1988919999999999913189181489152.000000 0.000013 0.000000 0.000003 0.000000
planet 2 orange 330199999999999993708544.000000 57908999998.218750 430829.999996 -0.356249 47869.999999
planet 5 blue 4869000000000000115343360.000000 108209999999.489883 315180.000000 -0.102023 35020.000000
planet 5 green 5974000000000000373293056.000000 149599999999.733124 267840.000000 -0.053380 29760.000000
planet 3 red 641899999999999963299840.000000 227939999999.885040 217170.000000 -0.022991 24130.000000
planet 20 yellow 1899000000000000028806479872.000000 778409999999.990112 117630.000000 -0.001971 13070.000000
planet 15 white 568499999999999982677524480.000000 1429399999999.997070 87030.000000 -0.000587 9670.000000
star 2 red 1988919999999999913189181489152.000000 0.000015 0.000000 0.000003 0.000000
planet 2 orange 330199999999999993708544.000000 57908999997.822914 478699.999995 -0.395833 47869.999999
planet 5 blue 4869000000000000115343360.000000 108209999999.376526 350199.999999 -0.113358 35020.000000
planet 5 green 5974000000000000373293056.000000 149599999999.673828 297600.000000 -0.059311 29760.000000
planet 3 red 641899999999999963299840.000000 227939999999.859497 241300.000000 -0.025545 24130.000000
planet 20 yellow 1899000000000000028806479872.000000 778409999999.987915 130700.000000 -0.002190 13070.000000
planet 15 white 568499999999999982677524480.000000 1429399999999.996338 96700.000000 -0.000653 9670.000000
star 2 red 1988919999999999913189181489152.000000 0.000019 0.000000 0.000003 0.000000
planet 2 orange 330199999999999993708544.000000 57908999997.387497 526569.999993 -0.435416 47869.999998
planet 5 blue 4869000000000000115343360.000000 108209999999.251831 385219.999999 -0.124694 35020.000000
planet 5 green 5974000000000000373293056.000000 149599999999.608582 327360.000000 -0.065242 29760.000000
planet 3 red 641899999999999963299840.000000 227939999999.831390 265430.000000 -0.028100 24130.000000
planet 20 yellow 1899000000000000028806479872.000000 778409999999.985474 143770.000000 -0.002409 13070.000000
planet 15 white 568499999999999982677524480.000000 1429399999999.995605 106370.000000 -0.000718 9670.000000
star 2 red 1988919999999999913189181489152.000000 0.000022 0.000000 0.000003 0.000000
planet 2 orange 330199999999999993708544.000000 57908999996.912498 574439.999991 -0.474999 47869.999998
planet 5 blue 4869000000000000115343360.000000 108209999999.115799 420239.999999 -0.136030 35020.000000
planet 5 green 5974000000000000373293056.000000 149599999999.537415 357120.000000 -0.071173 29760.000000
planet 3 red 641899999999999963299840.000000 227939999999.800751 289560.000000 -0.030654 24130.000000
planet 20 yellow 1899000000000000028806479872.000000 778409999999.982788 156840.000000 -0.002628 13070.000000
planet 15 white 568499999999999982677524480.000000 1429399999999.994873 116040.000000 -0.000783 9670.000000
star 2 red 1988919999999999913189181489152.000000 0.000026 0.000000 0.000004 0.000000
planet 2 orange 330199999999999993708544.000000 57908999996.397919 622309.999988 -0.514583 47869.999997
planet 5 blue 4869000000000000115343360.000000 108209999998.968430 455259.999999 -0.147366 35020.000000
planet 5 green 5974000000000000373293056.000000 149599999999.460297 386880.000000 -0.077104 29760.000000
planet 3 red 641899999999999963299840.000000 227939999999.767548 313690.000000 -0.033209 24130.000000
planet 20 yellow 1899000000000000028806479872.000000 778409999999.979980 169910.000000 -0.002847 13070.000000
planet 15 white 568499999999999982677524480.000000 1429399999999.994141 125710.000000 -0.000848 9670.000000
star 2 red 1988919999999999913189181489152.000000 0.000029 0.000000 0.000004 0.000000
planet 2 orange 330199999999999993708544.000000 57908999995.843750 670179.999985 -0.554166 47869.999997
planet 5 blue 4869000000000000115343360.000000 108209999998.809723 490279.999998 -0.158702 35020.000000
planet 5 green 5974000000000000373293056.000000 149599999999.377258 416639.999999 -0.083035 29760.000000
planet 3 red 641899999999999963299840.000000 227939999999.731781 337820.000000 -0.035763 24130.000000
planet 20 yellow 1899000000000000028806479872.000000 778409999999.976929 182980.000000 -0.003066 13070.000000
planet 15 white 568499999999999982677524480.000000 1429399999999.993164 135380.000000 -0.000914 9670.000000
star 2 red 1988919999999999913189181489152.000000 0.000034 0.000000 0.000004 0.000000
planet 2 orange 330199999999999993708544.000000 57908999995.250000 718049.999982 -0.593749 47869.999997
planet 5 blue 4869000000000000115343360.000000 108209999998.639679 525299.999998 -0.170038 35020.000000
planet 5 green 5974000000000000373293056.000000 149599999999.288300 446399.999999 -0.088966 29760.000000
planet 3 red 641899999999999963299840.000000 227939999999.693451 361950.000000 -0.038318 24130.000000
planet 20 yellow 1899000000000000028806479872.000000 778409999999.973633 196050.000000 -0.003285 13070.000000
planet 15 white 568499999999999982677524480.000000 1429399999999.992188 145050.000000 -0.000979 9670.000000
star 2 red 1988919999999999913189181489152.000000 0.000038 0.000000 0.000004 0.000000
planet 2 orange 330199999999999993708544.000000 57908999994.616669 765919.999978 -0.633332 47869.999996
planet 5 blue 4869000000000000115343360.000000 108209999998.458313 560319.999998 -0.181373 35020.000000
planet 5 green 5974000000000000373293056.000000 149599999999.193390 476159.999999 -0.094897 29760.000000
planet 3 red 641899999999999963299840.000000 227939999999.652588 386080.000000 -0.040872 24130.000000
planet 20 yellow 1899000000000000028806479872.000000 778409999999.970093 209120.000000 -0.003504 13070.000000
planet 15 white 568499999999999982677524480.000000 1429399999999.991211 154720.000000 -0.001044 9670.000000
star 2 red 1988919999999999913189181489152.000000 0.000043 0.000000 0.000005 0.000000
planet 2 orange 330199999999999993708544.000000 57908999993.943756 813789.999973 -0.672916 47869.999996
planet 5 blue 4869000000000000115343360.000000 108209999998.265610 595339.999997 -0.192709 35020.000000
planet 5 green 5974000000000000373293056.000000 149599999999.092560 505919.999999 -0.100828 29760.000000
planet 3 red 641899999999999963299840.000000 227939999999.609161 410210.000000 -0.043427 24130.000000
planet 20 yellow 1899000000000000028806479872.000000 778409999999.966431 222190.000000 -0.003723 13070.000000
planet 15 white 568499999999999982677524480.000000 1429399999999.989990 164390.000000 -0.001110 9670.000000
star 2 red 1988919999999999913189181489152.000000 0.000048 0.000000 0.000005 0.000000
planet 2 orange 330199999999999993708544.000000 57908999993.231255 861659.999968 -0.712499 47869.999995
planet 5 blue 4869000000000000115343360.000000 108209999998.061569 630359.999996 -0.204045 35019.999999
planet 5 green 5974000000000000373293056.000000 149599999998.985809 535679.999999 -0.106759 29760.000000
planet 3 red 641899999999999963299840.000000 227939999999.563171 434340.000000 -0.045981 24130.000000
planet 20 yellow 1899000000000000028806479872.000000 778409999999.962524 235260.000000 -0.003942 13070.000000
planet 15 white 568499999999999982677524480.000000 1429399999999.988770 174060.000000 -0.001175 9670.000000
star 2 red 1988919999999999913189181489152.000000 0.000053 0.000000 0.000005 0.000000
planet 2 orange 330199999999999993708544.000000 57908999992.479172 909529.999963 -0.752082 47869.999994
planet 5 blue 4869000000000000115343360.000000 108209999997.846191 665379.999996 -0.215381 35019.999999
planet 5 green 5974000000000000373293056.000000 149599999998.873108 565439.999999 -0.112691 29760.000000
planet 3 red 641899999999999963299840.000000 227939999999.514648 458470.000000 -0.048536 24130.000000
planet 20 yellow 1899000000000000028806479872.000000 778409999999.958374 248330.000000 -0.004161 13070.000000
planet 15 white 568499999999999982677524480.000000 1429399999999.987549 183730.000000 -0.001240 9670.000000
star 2 red 1988919999999999913189181489152.000000 0.000135 0.000000 0.000008 0.000000
planet 2 orange 330199999999999993708544.000000 57908999981.000023 1388229.999845 -1.147915 47869.999988
planet 5 blue 4869000000000000115343360.000000 108209999994.558792 1015579.999983 -0.328739 35019.999999
planet 5 green 5974000000000000373293056.000000 149599999997.153107 863039.999994 -0.172001 29760.000000
planet 3 red 641899999999999963299840.000000 227939999998.773834 699769.999999 -0.074081 24130.000000
planet 20 yellow 1899000000000000028806479872.000000 778409999999.894897 379030.000000 -0.006351 13070.000000
planet 15 white 568499999999999982677524480.000000 1429399999999.968506 280430.000000 -0.001893 9670.000000
star 2 red 1988919999999999913189181489152.000000 0.000244 0.000000 0.000011 0.000000
planet 2 orange 330199999999999993708544.000000 57908999965.562546 1866929.999632 -1.543748 47869.999979
planet 5 blue 4869000000000000115343360.000000 108209999990.137817 1365779.999959 -0.442098 35019.999998
planet 5 green 5974000000000000373293056.000000 149599999994.839996 1160639.999987 -0.231312 29759.999999
planet 3 red 641899999999999963299840.000000 227939999997.777588 941069.999997 -0.099626 24130.000000
planet 20 yellow 1899000000000000028806479872.000000 778409999999.809448 509730.000000 -0.008540 13070.000000
planet 15 white 568499999999999982677524480.000000 1429399999999.943115 377130.000000 -0.002545 9670.000000
star 2 red 1988919999999999913189181489152.000000 0.004146 0.000000 0.000039 0.000000
planet 2 orange 330199999999999993708544.000000 57908999415.354996 6653929.984740 -5.502076 47869.999851
planet 5 blue 4869000000000000115343360.000000 108209999832.569687 4867779.998289 -1.575681 35019.999983
planet 5 green 5974000000000000373293056.000000 149599999912.397949 4136639.999450 -0.824420 29759.999995
planet 3 red 641899999999999963299840.000000 227939999962.269928 3354069.999874 -0.355076 24129.999999
planet 20 yellow 1899000000000000028806479872.000000 778409999996.765503 1816729.999998 -0.030439 13070.000000
planet 15 white 568499999999999982677524480.000000 1429399999999.035889 1344130.000000 -0.009072 9670.000000
star 2 red 1988919999999999913189181489152.000000 0.010855 0.000000 0.000067 0.000000
planet 2 orange 330199999999999993708544.000000 57908998469.314674 11440929.924365 -9.460403 47869.999396
planet 5 blue 4869000000000000115343360.000000 108209999561.643188 8369779.991520 -2.709265 35019.999932
planet 5 green 5974000000000000373293056.000000 149599999770.645081 7112639.997273 -1.417529 29759.999978
planet 3 red 641899999999999963299840.000000 227939999901.217224 5767069.999375 -0.610527 24129.999995
planet 20 yellow 1899000000000000028806479872.000000 778409999991.531738 3123729.999991 -0.052338 13070.000000
planet 15 white 568499999999999982677524480.000000 1429399999997.476074 2311129.999999 -0.015599 9670.000000
star 2 red 1988919999999999913189181489152.000000 0.358647 0.000006 0.000348 0.000000
planet 2 orange 330199999999999993708544.000000 57908949425.634575 59310921.500154 -49.043680 47869.991576
planet 5 blue 4869000000000000115343360.000000 108209985516.541275 43389779.046977 -14.045102 35019.999055
planet 5 green 5974000000000000373293056.000000 149599992422.034302 36872639.693509 -7.348611 29759.999696
planet 3 red 641899999999999963299840.000000 227939996736.183105 29897069.929744 -3.165034 24129.999930
planet 20 yellow 1899000000000000028806479872.000000 778409999720.206909 16193729.999044 -0.271325 13069.999999
planet 15 white 568499999999999982677524480.000000 1429399999916.609375 11981129.999886 -0.080867 9670.000000
star 2 red 1988919999999999913189181489152.000000 0.987143 0.000038 0.000628 0.000000
planet 2 orange 330199999999999993708544.000000 57908860798.670525 107180872.533829 -88.626964 47869.951034
planet 5 blue 4869000000000000115343360.000000 108209960135.602142 78409773.556758 -25.380939 35019.994510
planet 5 green 5974000000000000373293056.000000 149599979142.341309 66632637.927862 -13.279693 29759.998234
planet 3 red 641899999999999963299840.000000 227939991016.642029 54027069.525010 -5.719541 24129.999595
planet 20 yellow 1899000000000000028806479872.000000 778409999229.895142 29263729.993539 -0.490312 13069.999994
planet 15 white 568499999999999982677524480.000000 1429399999770.474854 21651129.999231 -0.146135 9669.999999
star 2 red 1988919999999999913189181489152.000000 35.342488 0.005217 0.003436 0.000001
planet 2 orange 330199999999999993708544.000000 57904016202.630104 585873056.490563 -484.459604 47869.218396
planet 5 blue 4869000000000000115343360.000000 108208572742.577484 428608897.204291 -138.739302 35019.912365
planet 5 green 5974000000000000373293056.000000 149599253237.207306 364232356.094163 -72.590513 29759.971817
planet 3 red 641899999999999963299840.000000 227939678370.536774 295327004.921059 -31.264611 24129.993540
planet 20 yellow 1899000000000000028806479872.000000 778409972428.085327 159963729.114801 -2.680181 13069.999912
planet 15 white 568499999999999982677524480.000000 1429399991782.350342 118351129.894621 -0.798812 9669.999990
star 2 red 1988919999999999913189181489152.000000 97.768241 0.036935 0.006243 0.000003
planet 2 orange 330199999999999993708544.000000 57895213205.327599 1064525188.814407 -880.299730 47865.213232
planet 5 blue 4869000000000000115343360.000000 108206051762.633957 778803530.513214 -252.097994 35019.463331
planet 5 green 5974000000000000373293056.000000 149597934223.210968 661830630.186310 -131.901400 29759.827409
planet 3 red 641899999999999963299840.000000 227939110273.658081 536626609.297272 -56.809688 24129.960438
planet 20 yellow 1899000000000000028806479872.000000 778409923727.582764 290663723.733564 -4.870050 13069.999462
planet 15 white 568499999999999982677524480.000000 1429399977267.447021 215051129.254011 -1.451490 9669.999936
star 2 red 1988919999999999913189181489152.000000 3529.060683 5.176408 0.034313 0.000051
planet 2 orange 330199999999999993708544.000000 57411362663.515099 5843768425.521835 -4838.505418 47792.432367
planet 5 blue 4869000000000000115343360.000000 108067484129.552368 4279933934.073590 -1385.676331 35011.304036
planet 5 green 5974000000000000373293056.000000 149525433365.075714 3637550973.159204 -725.008581 29757.203430
planet 3 red 641899999999999963299840.000000 227907884248.247864 2949562504.698777 -312.260254 24129.358954
planet 20 yellow 1899000000000000028806479872.000000 778407246853.331543 1597662851.789818 -26.768743 13069.991281
planet 15 white 568499999999999982677524480.000000 1429399179440.543701 1182051025.453289 -7.978269 9669.998962
star 2 red 1988919999999999913189181489152.000000 9767.610635 36.899169 0.062385 0.000317
planet 2 orange 330199999999999993708544.000000 56530966121.580788 10582647656.969917 -8803.965419 47388.792314
planet 5 blue 4869000000000000115343360.000000 107815525810.415894 7776573326.685418 -2519.583191 34966.393926
planet 5 green 5974000000000000373293056.000000 149393615184.065155 6611828265.210418 -1318.181810 29742.772921
planet 3 red 641899999999999963299840.000000 227851112371.637543 5362167739.656467 -567.718766 24126.052350
planet 20 yellow 1899000000000000028806479872.000000 778402380108.152832 2904657482.884422 -48.667452 13069.946311
planet 15 white 568499999999999982677524480.000000 1429397728935.705322 2149050386.312479 -14.505048 9669.993609
star 2 red 1988919999999999913189181489152.000000 18812.802659 117.050663 0.090452 0.000802
planet 2 orange 330199999999999993708544.000000 55256118686.276810 15247684387.441145 -12748.474353 46650.367305
planet 5 blue 4869000000000000115343360.000000 107450263403.701035 11265039800.288681 -3652.624067 34884.664736
planet 5 green 5974000000000000373293056.000000 149202496522.162811 9583481012.081669 -1911.186619 29716.527469
planet 3 red 641899999999999963299840.000000 227768796714.245605 7774171748.103430 -823.156574 24120.040084
planet 20 yellow 1899000000000000028806479872.000000 778395323496.532715 4211643938.168651 -70.566116 13069.864553
planet 15 white 568499999999999982677524480.000000 1429395625753.180908 3116048773.885657 -21.031825 9669.983876
star 2 red 1988919999999999913189181489152.000000 30663.165131 267.508500 0.118504 0.001505
planet 2 orange 330199999999999993708544.000000 53591834720.646286 19805256439.161755 -16642.839656 45575.720517
planet 5 blue 4869000000000000115343360.000000 106971903617.186249 14741648521.529957 -4783.597865 34766.087212
planet 5 green 5974000000000000373293056.000000 148952117717.463745 12551327340.658276 -2503.788047 29678.463286
planet 3 red 641899999999999963299840.000000 227660942213.162445 10185303940.277428 -1078.545011 24111.321922
planet 20 yellow 1899000000000000028806479872.000000 778386077029.144409 5518618538.785697 -92.464674 13069.746006
planet 15 white 568499999999999982677524480.000000 1429392869893.532959 4083045750.226592 -27.558596 9669.969763
star 2 red 1988919999999999913189181489152.000000 45316.356206 510.126609 0.146532 0.002426
planet 2 orange 330199999999999993708544.000000 51546123851.049019 24221867558.944221 -20457.108696 44166.111198
planet 5 blue 4869000000000000115343360.000000 106380773798.650970 18202715685.048637 -5911.298185 34610.671635
planet 5 green 5974000000000000373293056.000000 148642542644.487061 15514185463.832773 -3095.750730 29628.581232
planet 3 red 641899999999999963299840.000000 227527556673.496796 12595293733.055244 -1333.855397 24099.897928
planet 20 yellow 1899000000000000028806479872.000000 778374640722.848389 6825577605.881035 -114.363063 13069.590671
planet 15 white 568499999999999982677524480.000000 1429389461357.637695 5050040877.388876 -34.085359 9669.951272
star 2 red 1988919999999999913189181489152.000000 62769.154575 866.676146 0.174528 0.003565
planet 2 orange 330199999999999993708544.000000 49130040144.262596 28464435724.778065 -24160.837068 42425.681658
planet 5 blue 4869000000000000115343360.000000 105677322335.108673 21644562514.562897 -7034.514635 34418.468295
planet 5 green 5974000000000000373293056.000000 148273858745.288605 18470874147.648373 -3686.838992 29566.886838
planet 3 red 641899999999999963299840.000000 227368650769.391937 15003870580.330467 -1589.059041 24085.768473
planet 20 yellow 1899000000000000028806479872.000000 778361014600.692261 8132517460.612788 -136.261222 13069.398547
planet 15 white 568499999999999982677524480.000000 1429385400146.684326 6017033717.426067 -40.612110 9669.928400
star 2 red 1988919999999999913189181489152.000000 83017.455712 1358.783676 0.202483 0.004921
planet 2 orange 330199999999999993708544.000000 46357700447.483551 32500597317.863121 -27723.396968 40361.615931
planet 5 blue 4869000000000000115343360.000000 104862118916.937347 25063519307.346867 -8152.034182 34189.567928
planet 5 green 5974000000000000373293056.000000 147846177051.292023 21420213180.558418 -4276.816940 29493.390329
planet 3 red 641899999999999963299840.000000 227184238044.711792 17410764003.432007 -1844.127247 24068.934231
planet 20 yellow 1899000000000000028806479872.000000 778345198691.911133 9439434424.162102 -158.159088 13069.169635
planet 15 white 568499999999999982677524480.000000 1429380686262.175537 6984023832.391827 -47.138845 9669.901150
star 2 red 1988919999999999913189181489152.000000 106056.274223 2007.867213 0.230388 0.006491
planet 2 orange 330199999999999993708544.000000 43246268166.222504 36299023478.047997 -31114.322813 37984.261602
planet 5 blue 4869000000000000115343360.000000 103935854663.396530 28455929517.428268 -9262.642535 33924.102101
planet 5 green 5974000000000000373293056.000000 147359632195.759979 24361023844.628929 -4865.448555 29408.106641
planet 3 red 641899999999999963299840.000000 226974334913.396759 19815703621.580433 -2099.031313 24049.396181
planet 20 yellow 1899000000000000028806479872.000000 778327193031.927124 10746324817.743519 -180.056600 13068.903936
planet 15 white 568499999999999982677524480.000000 1429375319705.927490 7951010784.340057 -53.665562 9669.869519
star 2 red 1988919999999999913189181489152.000000 131879.752848 2835.070908 0.258235 0.008272
planet 2 orange 330199999999999993708544.000000 39815899223.612358 39829744125.578011 -34303.689426 35307.206475
planet 5 blue 4869000000000000115343360.000000 102899342106.165283 31818153872.581417 -10365.125572 33622.243552
planet 5 green 5974000000000000373293056.000000 146814382416.830597 27292129388.502724 -5452.497789 29311.055439
planet 3 red 641899999999999963299840.000000 226738960659.489807 22218419182.379040 -2353.742539 24027.155608
planet 20 yellow 1899000000000000028806479872.000000 778306997662.349487 12053184962.615370 -201.953696 13068.601449
planet 15 white 568499999999999982677524480.000000 1429369300480.069580 8917994135.325045 -60.192259 9669.833510
star 2 red 1988919999999999913189181489152.000000 160481.178557 3861.199270 0.286014 0.010261
planet 2 orange 330199999999999993708544.000000 36089647606.691551 43064474353.138947 -37262.516169 32347.302276
planet 5 blue 4869000000000000115343360.000000 101753515027.702133 35146574519.943130 -11458.270785 33284.206474
planet 5 green 5974000000000000373293056.000000 146210609551.044678 30212355501.935730 -6037.728658 29202.261134
planet 3 red 641899999999999963299840.000000 226478137436.832916 24618640592.336288 -2608.232227 24002.214100
planet 20 yellow 1899000000000000028806479872.000000 778284612630.974365 13360011180.090162 -223.850314 13068.262175
planet 15 white 568499999999999982677524480.000000 1429362628587.044678 9884973447.401596 -66.718930 9669.793121
star 2 red 1988919999999999913189181489152.000000 191853.006038 5106.651920 0.313718 0.012455
planet 2 orange 330199999999999993708544.000000 32093328756.993305 45976937217.359123 -39963.188497 29124.628642
planet 5 blue 4869000000000000115343360.000000 100499428151.417923 38437599194.837883 -12540.868763 32910.246749
planet 5 green 5974000000000000373293056.000000 145548519017.291016 33120530791.709000 -6620.905338 29081.752898
planet 3 red 641899999999999963299840.000000 226191890268.434235 27016097947.416199 -2862.471684 23974.573551
planet 20 yellow 1899000000000000028806479872.000000 778260037991.784912 14666799791.544983 -245.746392 13067.886115
planet 15 white 568499999999999982677524480.000000 1429355304029.608643 10851948282.625179 -73.245574 9669.748352
star 2 red 1988919999999999913189181489152.000000 225986.888700 6591.359977 0.341339 0.014847
planet 2 orange 330199999999999993708544.000000 27855340087.682377 48543176437.450439 -42379.886693 25662.392201
planet 5 blue 4869000000000000115343360.000000 99138256680.864441 41687665407.162827 -13611.714706 32500.662123
planet 5 green 5974000000000000373293056.000000 144828339791.096802 36015487258.713936 -7201.792262 28949.564670
planet 3 red 641899999999999963299840.000000 225880247045.506104 29410521563.613029 -3116.432229 23944.236162
planet 20 yellow 1899000000000000028806479872.000000 778233273804.950684 15973547118.431908 -267.641868 13067.473269
planet 15 white 568499999999999982677524480.000000 1429347326810.831055 11818918203.052065 -79.772188 9669.699204
star 2 red 1988919999999999913189181489152.000000 262873.717125 8334.725213 0.368868 0.017434
planet 2 orange 330199999999999993708544.000000 23406439077.182976 50741852187.350060 -44489.010105 21986.757499
planet 5 blue 4869000000000000115343360.000000 97671295685.374466 44893244639.454071 -14669.609955 32055.792323
planet 5 green 5974000000000000373293056.000000 144050324369.191406 38896060776.002853 -7780.154219 28805.735173
planet 3 red 641899999999999963299840.000000 225543238526.174255 31801642007.546520 -3370.085193 23911.204439
planet 20 yellow 1899000000000000028806479872.000000 778204320136.827881 17280249482.288414 -289.536681 13067.023639
planet 15 white 568499999999999982677524480.000000 1429338696934.094482 12785882770.739468 -86.298767 9669.645677
star 2 red 1988919999999999913189181489152.000000 302503.664687 10355.563156 0.396299 0.020208
planet 2 orange 330199999999999993708544.000000 18779480655.818493 52554513086.786301 -46269.584214 18126.608994
planet 5 blue 4869000000000000115343360.000000 96099959329.841263 48050846550.533356 -15713.363555 31576.019111
planet 5 green 5974000000000000373293056.000000 143214748724.272278 41761091567.592606 -8355.756449 28650.307916
planet 3 red 641899999999999963299840.000000 225180898333.858093 34189190127.073833 -3623.401923 23875.481195
planet 20 yellow 1899000000000000028806479872.000000 778173177059.958862 18586903204.747810 -311.430769 13066.537225
planet 15 white 568499999999999982677524480.000000 1429329414403.094971 13752841547.745691 -92.825310 9669.587770
star 2 red 1988919999999999913189181489152.000000 344866.239850 12672.051242 0.423626 0.023165
planet 2 orange 330199999999999993708544.000000 14009116911.526300 53965837685.515114 -47703.637443 14113.245987
planet 5 blue 4869000000000000115343360.000000 94425779946.595886 51157023178.421425 -16741.793832 31061.766279
planet 5 green 5974000000000000373293056.000000 142321912249.903381 44609424687.805069 -8928.364744 28483.331202
planet 3 red 641899999999999963299840.000000 224793262955.322357 36572897081.914307 -3876.353785 23837.069548
planet 20 yellow 1899000000000000028806479872.000000 778139844653.072021 19893504607.549660 -333.324069 13066.014028
planet 15 white 568499999999999982677524480.000000 1429319479221.841553 14719794096.130268 -99.351813 9669.525484
star 2 red 1988919999999999913189181489152.000000 389950.344418 15301.683098 0.450841 0.026296
planet 2 orange 330199999999999993708544.000000 9131463428.323223 54963839208.287148 -48776.534832 9980.015228
planet 5 blue 4869000000000000115343360.000000 92650406947.628403 54208373136.002129 -17753.729990 30513.499576
planet 5 green 5974000000000000373293056.000000 141372137695.478302 47439910500.924934 -9497.745544 28304.858131
planet 3 red 641899999999999963299840.000000 224380371738.399963 38952494374.282997 -4128.912169 23795.972924
planet 20 yellow 1899000000000000028806479872.000000 778104323001.081543 21200050012.550228 -355.216520 13065.454050
planet 15 white 568499999999999982677524480.000000 1429308891394.656738 15686739977.954102 -105.878272 9669.458818
star 2 red 1988919999999999913189181489152.000000 437744.336838 18261.229858 0.477940 0.029595
planet 2 orange 330199999999999993708544.000000 4183737767.296852 55540028083.120529 -49477.256610 5761.888748
planet 5 blue 4869000000000000115343360.000000 90775605575.702835 57201545792.731850 -18748.013719 29931.726567
planet 5 green 5974000000000000373293056.000000 140365771091.182983 50251405160.952293 -10063.666043 28114.946600
planet 3 red 641899999999999963299840.000000 223942266889.386047 41327713879.529007 -4381.048490 23752.195052
planet 20 yellow 1899000000000000028806479872.000000 778066612195.087036 22506535741.732929 -377.108060 13064.857292
planet 15 white 568499999999999982677524480.000000 1429297650926.176270 16653678755.279613 -112.404685 9669.387773
star 2 red 1988919999999999913189181489152.000000 488236.099472 21566.709282 0.504918 0.033055
planet 2 orange 330199999999999993708544.000000 -796123364.521304 55689527790.398476 -49798.611318 1494.997073
planet 5 blue 4869000000000000115343360.000000 88803255493.235611 60133245435.513710 -19723.500825 29316.996428
planet 5 green 5974000000000000373293056.000000 139303181662.895844 53042771091.224792 -10625.894283 27913.659303
planet 3 red 641899999999999963299840.000000 223478993470.103058 43698287876.774506 -4632.734193 23705.739972
planet 20 yellow 1899000000000000028806479872.000000 778026712332.373413 23812958117.218773 -398.998627 13064.223755
planet 15 white 568499999999999982677524480.000000 1429285757821.348877 17620609990.170887 -118.931048 9669.312349
